1,38,51,31,33,80,46
2,44,21,63,27,46
3,26,43,64,26,15,32,42
4,36,76,25,49,13,65
5,55,19,66,60
6,18,14,26,42,68,40,71
7,48,15,33,32,42,70
8,53,25,75
9,35,45,48,20
10,17,16,43,45,35
11,54,14,26,43,16
12,24,62,23,21,49,25
13,65,56,72,49,4
14,6,26,11,54,81,67,78,18
15,7,48,20,3,32
16,77,10,43,11,41,54
17,59,10,22
18,6,78,37,19,71
19,37,57,55,5,66,71,18
20,48,9,45,64,3,15
21,12,23,44,2,63,47,72,49
22,17,59,39
23,44,24,62,12,21
24,28,29,69,58,44,62,25
25,8,75,36,4,49,12,24,69,53
26,6,14,11,43,3,42
27,79,31,80,46,2,63
28,52,58,24,29,61
29,28,61,69,24
30,65,73
31,1,80,27,79
32,3,42,7,15
33,1,51,42,70,7
34,59,41
35,9,45,10
36,75,25,4,76
37,74,78,57,19,18
38,66,58,46,1,51,50
39,22,59
40,6,50,66,71,68
41,77,16,54,34
42,6,68,51,33,70,7,32,3,26
43,10,16,11,26,3,64,45
44,2,46,58,24,23,21
45,35,9,20,64,43,10
46,38,58,44,2,27,80,1
47,63,21,72,56,73
48,7,15,20,9
49,13,72,21,12,25,4
50,66,40,68,51,38
51,42,33,1,38,50,68
52,55,60,58,28
53,61,69,25,8
54,41,16,11,14,81
55,57,19,5,60,52
56,72,13,65,73,47
57,37,19,55
58,60,52,28,24,44,46,38,66
59,17,22,39,34
60,5,52,55,58,66
61,28,29,69,53
62,24,12,23
63,27,2,21,47
64,20,45,43,3
65,4,13,56,73,30
66,58,60,5,19,71,40,50,38
67,81,14,78,74
68,6,50,42,51,40
69,24,29,61,53,25
70,42,7,33
71,6,40,66,19,18
72,47,21,49,13,56
73,47,56,65,30
74,67,78,37
75,36,25,8
76,36,4
77,16,41
78,67,74,37,18,6,14
79,31,27
80,31,27,1,46
81,54,67,14