
plaka,lat,long,komsu1,komsu2,komsu3.....
1,37.0,35.3213,null,null,1260.92,1212.74,1227.08,1304.71
2,37.7648,38.2786,null,1282.51,1191.72,1221.14,900001110.30
3,38.7507,30.5567,1398.88,731.45,742.31,1398.88,792.03,752.00,837.10
4,39.7194,43.0513,1692.70,null,1746.31,1733.70,1760.61,1733.08
5,40.6499,35.8353,null,null,null,null
6,39.9208,32.8541,631.68,662.77,900000532.31,762.94,732.77,674.58,589.32
7,36.8841,30.7056,1099.53,null,1238.07,null,null,null
8,41.1828,41.8183,null,null,null
9,37.856,27.8416,900000507.88,600.06,null,617.57
10,39.6484,27.8826,432.09,416.63,null,415.69,446.16
11,40.0567,30.0665,null,401.85,null,null,349.62
12,39.0626,40.7696,1499.15,1483.84,1506.13,1501.97,1451.99,null
13,38.3938,42.1232,1873.08,null,null,null,1928.37
14,40.576,31.5788,532.31,528.26,542.46,null,null,null,null,573.66
15,37.4613,30.0665,null,945.03,null,941.67,846.82
16,40.2669,29.0634,900000172.85,294.74,null,261.23,267.86,298.26
17,40.1553,26.4142,384.47,390.87,423.71
18,40.6013,33.6134,900000573.66,null,662.36,687.15,657.97
19,40.5506,34.9556,822.73,null,null,null,null,832.36,800.65
20,37.7765,29.0864,677.40,697.88,760.67,null,null,null
21,37.9144,40.2306,null,1404.75,1457.52,1454.72,1434.27,null,1361.96,null
22,41.6818,26.5623,404.03,345.12,900000233.85
23,38.681,39.2264,1313.40,1346.97,1297.82,1365.96,1348.04
24,39.75,39.5,null,1273.31,null,1408.93,1382.80,null,null
25,39.9,41.27,null,1927.34,900001746.31,1899.77,null,null,null,1843.60,null
26,39.7767,30.5206,728.09,654.67,null,589.26,642.38,800.29
27,37.0662,37.3833,1266.29,null,null,1291.10,1331.98,1346.91
28,40.9128,38.3895,43.81,null,null,null,111.97
29,40.4386,39.5086,null,null,null,1349.88
30,37.5833,43.7333,1872.76,1879.14
31,36.4018,36.3498,1374.19,900001260.92,null,null
32,37.7648,30.5566,861.62,921.62,null,806.79
33,36.8,34.6333,1277.83,null,null,null,1562.34
34,41.0053,28.977,367.73,322.99
35,38.4189,27.1287,534.50,900000446.16,597.58
36,40.6167,43.1,1756.99,1867.23,1792.56,null
37,41.3887,33.7827,null,null,null,797.93,751.05
38,38.7312,35.4787,944.05,984.56,990.58,null,900000810.37,879.30
39,41.7333,27.2167,264.27,296.71
40,39.1425,34.1709,816.84,741.44,null,771.00,761.39
41,40.8533,29.8815,134.34,172.85,127.76,900000077.84
42,37.8667,32.4833,993.58,909.87,956.24,null,864.04,null,900000762.94,957.66,1034.98
43,39.4167,29.9833,null,null,null,650.26,678.33,684.83,827.07
44,38.3552,38.3095,900001138.19,1285.80,1329.00,1324.25,1225.80,1313.20
45,38.6191,27.4289,450.01,507.88,588.18,null,null,536.64
46,37.5858,36.9371,1170.79,900000990.58,1138.19,1110.30,null,null,1147.65
47,37.3212,40.7245,1534.87,1442.30,900001363.29,1490.88,1519.83
48,37.2153,28.3636,888.46,830.40,766.61,null
49,38.9462,41.7539,null,null,1627.39,900001451.99,null,1592.84
50,38.6939,34.6857,866.94,808.31,900000741.44,822.30,810.37
51,37.9667,34.6833,998.11,null,null,914.52,885.67,876.85
52,40.9839,37.8764,133.86,null,null,43.81
53,41.0201,40.5234,67.62,null,null,null
54,40.694,30.4358,177.68,253.17,null,null,190.70
55,41.2928,36.3313,127.17,null,null,null,133.86
56,37.9333,41.95,null,null,null,null,1618.46
57,42.0231,35.1531,null,null,127.17
58,39.7477,37.0179,null,null,null,1196.75,1175.37,1225.04,1158.75,1172.97
59,40.9833,27.5167,253.52,233.85,209.65,245.15
60,40.3167,36.55,70.89,null,null,null,null
61,41.0015,39.7178,111.97,null,null,67.62
62,39.3074,39.4388,null,1415.70,1369.85
63,37.1591,38.7969,1317.48,1273.13,1343.48,1363.29
64,38.6823,29.4082,null,null,780.40,784.76
65,38.4891,43.4089,900001663.46,1775.93,null,1807.09,1768.11
66,39.8181,34.8147,1055.35,null,null,null,null,960.19,992.43,1000.62
67,41.4564,31.7987,364.25,null,null,334.33
68,38.3687,34.037,933.24,799.79,879.70,804.81,819.59
69,40.2552,40.2249,1927.07,null,null,null,null
70,37.1759,33.2287,965.14,null,null
71,39.8468,33.5153,646.33,685.74,null,734.53,673.62
72,37.8812,41.1351,null,1441.40,null,null,null
73,37.4187,42.4918,1676.38,900001519.83,1663.46,null
74,41.5811,32.461,391.18,null,null
75,41.1105,42.7022,1821.29,900001756.99,null
76,39.888,44.0048,null,null
77,40.65,29.2667,null,190.85
78,41.2061,32.6204,74.04,null,null,null,null,null
79,36.7184,37.1212,900001266.29,null
80,37.213,36.1763,1318.59,null,1306.51,null
81,40.8438,31.1565,253.63,277.47,null
