
plaka,lat,long,komsu1,komsu2,komsu3.....
1,37.0,35.3213,null,null,1416.43,1368.25,1382.59,null
2,37.7648,38.2786,null,1809.82,1719.02,1748.45,900001637.61
3,38.7507,30.5567,2074.22,1069.11,1079.97,2074.22,1129.69,1089.67,1174.76
4,39.7194,43.0513,2220.01,null,2273.61,2261.01,2287.92,2260.38
5,40.6499,35.8353,null,null,null,null
6,39.9208,32.8541,1384.82,1415.91,1485.28,1516.08,1485.91,1427.71,1342.46
7,36.8841,30.7056,1099.53,null,1238.07,900000888.46,null,null
8,41.1828,41.8183,null,null,null
9,37.856,27.8416,900000507.88,600.06,null,617.57
10,39.6484,27.8826,432.09,416.63,null,415.69,446.16
11,40.0567,30.0665,null,1537.75,null,null,1485.52
12,39.0626,40.7696,2026.45,2011.15,2033.43,2029.28,1979.29,null
13,38.3938,42.1232,2400.38,null,null,null,2455.68
14,40.576,31.5788,1386.99,1382.94,1397.14,null,null,null,null,1428.34
15,37.4613,30.0665,null,900000830.40,null,980.05,885.19
16,40.2669,29.0634,900000172.85,294.74,null,null,267.86,298.26
17,40.1553,26.4142,384.47,390.87,423.71
18,40.6013,33.6134,1484.20,null,1473.52,1498.31,1469.13
19,40.5506,34.9556,900001487.66,null,null,null,null,1632.87,1601.16
20,37.7765,29.0864,677.40,900000588.18,760.67,null,null,null
21,37.9144,40.2306,null,1932.06,1984.83,1982.02,1961.58,null,1889.26,null
22,41.6818,26.5623,404.03,345.12,900000233.85
23,38.681,39.2264,1840.71,1874.28,1825.13,1893.27,1875.35
24,39.75,39.5,null,1800.62,null,1936.24,1910.11,null,null
25,39.9,41.27,null,2454.65,900002273.61,2427.08,null,null,null,2370.91,null
26,39.7767,30.5206,1329.95,1256.53,null,1191.12,1244.24,1402.15
27,37.0662,37.3833,1793.60,null,null,1818.41,1859.28,1874.21
28,40.9128,38.3895,43.81,null,null,null,111.97
29,40.4386,39.5086,null,null,null,1877.19
30,37.5833,43.7333,2400.06,2406.45
31,36.4018,36.3498,1529.70,1507.94,null,null
32,37.7648,30.5566,994.82,1054.81,null,900000885.19
33,36.8,34.6333,1303.16,null,null,null,1587.67
34,41.0053,28.977,367.73,322.99
35,38.4189,27.1287,534.50,900000446.16,597.58
36,40.6167,43.1,2284.30,2394.54,2319.86,null
37,41.3887,33.7827,null,null,null,1609.09,1562.21
38,38.7312,35.4787,1471.36,1511.87,1517.89,900001337.68,1447.39,1406.60
39,41.7333,27.2167,264.27,296.71
40,39.1425,34.1709,900001288.55,null,null,1384.97,1375.37
41,40.8533,29.8815,134.34,172.85,127.76,900000077.84
42,37.8667,32.4833,1285.44,1201.73,1248.10,null,1155.91,null,1224.42,900001054.81,1326.84
43,39.4167,29.9833,null,null,null,1130.12,1158.18,1164.68,null
44,38.3552,38.3095,900001665.50,1813.11,1856.31,1851.55,1753.10,1840.51
45,38.6191,27.4289,450.01,507.88,588.18,null,null,536.64
46,37.5858,36.9371,1698.10,900001517.89,1665.50,1637.61,null,null,1674.95
47,37.3212,40.7245,2062.17,1969.61,900001890.60,2018.18,2047.14
48,37.2153,28.3636,888.46,830.40,900000677.40,null
49,38.9462,41.7539,null,null,null,900001979.29,null,2120.15
50,38.6939,34.6857,1394.24,1335.62,1335.77,1349.61,1337.68
51,37.9667,34.6833,1441.40,900001248.10,null,1357.81,1328.96,1320.14
52,40.9839,37.8764,133.86,null,null,43.81
53,41.0201,40.5234,67.62,null,null,null
54,40.694,30.4358,177.68,253.17,null,null,190.70
55,41.2928,36.3313,127.17,null,null,null,133.86
56,37.9333,41.95,null,null,null,null,2145.77
57,42.0231,35.1531,null,null,127.17
58,39.7477,37.0179,null,null,null,1724.05,1702.68,1752.35,1686.06,1700.28
59,40.9833,27.5167,253.52,233.85,209.65,245.15
60,40.3167,36.55,70.89,null,null,null,null
61,41.0015,39.7178,111.97,null,null,67.62
62,39.3074,39.4388,null,1943.01,1897.16
63,37.1591,38.7969,1844.79,1800.44,1870.78,1890.60
64,38.6823,29.4082,null,null,900001079.97,1179.90
65,38.4891,43.4089,900002190.77,2303.24,null,2334.40,2295.42
66,39.8181,34.8147,1582.66,null,null,null,null,1487.49,1519.73,1527.93
67,41.4564,31.7987,364.25,null,null,334.33
68,38.3687,34.037,1402.20,1268.75,1348.66,1273.78,1288.55
69,40.2552,40.2249,null,null,null,null,null
70,37.1759,33.2287,1257.00,null,null
71,39.8468,33.5153,null,1438.88,null,1487.66,1426.76
72,37.8812,41.1351,null,1968.71,null,null,null
73,37.4187,42.4918,2203.68,900002047.14,2190.77,null
74,41.5811,32.461,391.18,null,null
75,41.1105,42.7022,2348.59,900002284.30,null
76,39.888,44.0048,null,null
77,40.65,29.2667,null,190.85
78,41.2061,32.6204,74.04,null,null,null,null,null
79,36.7184,37.1212,null,null
80,37.213,36.1763,1474.10,null,1462.02,null
81,40.8438,31.1565,253.63,277.47,null
