
plaka,lat,long,komsu1,komsu2,komsu3.....
1,37.0,35.3213,null,null,113.27,65.09,79.43,null
2,37.7648,38.2786,null,172.21,81.41,110.84,119.72
3,38.7507,30.5567,114.12,89.07,99.93,114.12,149.64,109.62,194.71
4,39.7194,43.0513,99.86,null,153.46,140.86,167.77,140.23
5,40.6499,35.8353,null,null,null,null
6,39.9208,32.8541,99.38,130.46,199.84,230.64,200.46,142.27,57.01
7,36.8841,30.7056,211.06,null,349.60,null,null,null
8,41.1828,41.8183,null,null,null
9,37.856,27.8416,900000507.88,600.06,null,617.57
10,39.6484,27.8826,432.09,416.63,null,415.69,446.16
11,40.0567,30.0665,null,140.61,null,null,88.38
12,39.0626,40.7696,133.19,117.88,140.16,null,86.03,null
13,38.3938,42.1232,112.47,null,null,null,167.77
14,40.576,31.5788,130.46,126.41,140.61,null,null,null,null,171.82
15,37.4613,30.0665,null,153.00,null,149.64,54.79
16,40.2669,29.0634,900000172.85,294.74,null,null,267.86,298.26
17,40.1553,26.4142,384.47,390.87,423.71
18,40.6013,33.6134,99.38,null,88.70,113.49,84.30
19,40.5506,34.9556,135.57,null,null,null,null,145.21,113.49
20,37.7765,29.0864,null,900000588.18,760.67,null,null,null
21,37.9144,40.2306,null,null,175.01,172.21,151.76,null,79.45,null
22,41.6818,26.5623,404.03,345.12,900000233.85
23,38.681,39.2264,87.61,121.18,72.03,140.16,122.24
24,39.75,39.5,null,76.57,null,212.18,186.06,null,null
25,39.9,41.27,null,181.04,174.53,153.46,null,null,null,null,null
26,39.7767,30.5206,199.84,126.41,null,null,114.12,272.03
27,37.0662,37.3833,45.15,null,null,null,110.84,125.77
28,40.9128,38.3895,43.81,null,null,null,111.97
29,40.4386,39.5086,null,null,null,76.57
30,37.5833,43.7333,104.65,null
31,36.4018,36.3498,113.27,91.51,null,null
32,37.7648,30.5566,109.62,169.61,null,54.79
33,36.8,34.6333,65.09,null,null,null,349.60
34,41.0053,28.977,367.73,322.99
35,38.4189,27.1287,534.50,900000446.16,597.58
36,40.6167,43.1,64.29,174.53,99.86,null
37,41.3887,33.7827,null,null,null,135.57,88.70
38,38.7312,35.4787,133.68,174.19,180.21,null,109.71,68.93
39,41.7333,27.2167,264.27,296.71
40,39.1425,34.1709,142.27,null,null,96.42,86.82
41,40.8533,29.8815,134.34,172.85,127.76,900000077.84
42,37.8667,32.4833,230.64,146.93,193.30,null,101.10,null,169.61,194.71,272.03
43,39.4167,29.9833,null,null,null,61.00,89.07,95.57,null
44,38.3552,38.3095,null,147.61,190.81,186.06,87.61,175.01
45,38.6191,27.4289,450.01,507.88,588.18,null,null,536.64
46,37.5858,36.9371,180.21,null,147.61,119.72,null,null,157.07
47,37.3212,40.7245,171.57,79.01,null,127.59,156.54
48,37.2153,28.3636,211.06,153.00,89.22,null
49,38.9462,41.7539,null,null,null,86.03,null,140.86
50,38.6939,34.6857,125.49,66.87,67.02,80.86,68.93
51,37.9667,34.6833,193.30,null,null,109.71,80.86,72.04
52,40.9839,37.8764,133.86,null,null,43.81
53,41.0201,40.5234,67.62,null,null,null
54,40.694,30.4358,177.68,253.17,null,null,190.70
55,41.2928,36.3313,127.17,null,null,null,133.86
56,37.9333,41.95,null,null,null,null,127.59
57,42.0231,35.1531,null,null,127.17
58,39.7477,37.0179,null,null,null,212.18,190.81,240.48,174.19,188.41
59,40.9833,27.5167,253.52,233.85,209.65,245.15
60,40.3167,36.55,70.89,null,null,null,null
61,41.0015,39.7178,111.97,null,null,67.62
62,39.3074,39.4388,null,117.88,72.03
63,37.1591,38.7969,125.77,81.41,151.76,171.57
64,38.6823,29.4082,null,null,95.57,99.93
65,38.4891,43.4089,140.23,112.47,null,143.63,104.65
66,39.8181,34.8147,188.41,null,null,null,null,93.25,125.49,133.68
67,41.4564,31.7987,364.25,null,null,334.33
68,38.3687,34.037,200.46,67.02,146.93,72.04,86.82
69,40.2552,40.2249,null,null,null,null,null
70,37.1759,33.2287,101.10,null,null
71,39.8468,33.5153,null,96.42,null,145.21,84.30
72,37.8812,41.1351,null,79.45,null,null,null
73,37.4187,42.4918,156.54,null,143.63,null
74,41.5811,32.461,391.18,null,null
75,41.1105,42.7022,64.29,181.04,null
76,39.888,44.0048,null,null
77,40.65,29.2667,null,190.85
78,41.2061,32.6204,74.04,null,null,null,null,null
79,36.7184,37.1212,null,null
80,37.213,36.1763,91.51,null,79.43,null
81,40.8438,31.1565,253.63,277.47,null
